001111010100001010101110000001011110101110001011
011101011011111111001000001001000010111111001001
010100101111110011000011111110101001000001010111
011110011110110101010110010001111100011110101010
011001001110010110001111000111000011110101001001
011100111000010100110111111010101101000001110100
111011011000100010110011010000011110111110101010
101101111010001010111110101111000001110000011001
101000001101111111001111101110110001010001110100
011100010111101101000011110010011100101110100010
001000011111110111110001000101000110111000011101
110101010110010111010111111110110001000011010100
011101111100011110010001100000011110001110101011
010111111001000110100111001101100011111000000101
101110111000000011011111111110100000000111110110
110010010111111010011011110001111110000110100110
